-5.111864450364702606e-01
-4.567161323952114715e-01
-4.276725455228868600e-01
-4.082474310939501749e-01
-3.938342354671263146e-01
-3.824762135727642343e-01
-3.731665912601626056e-01
-3.653218745122211453e-01
-3.585750489782180694e-01
-3.526810099500455320e-01
-3.474683930104854879e-01
-3.428129742008498848e-01
-3.386220250590260550e-01
-3.348246321281413418e-01
-3.313654516023542551e-01
-3.282005364329572683e-01
-3.252944635877967894e-01
-3.226183046131159693e-01
-3.201481591624811274e-01
-3.178640739208191679e-01
-3.157492312751875585e-01
-3.137893305440616620e-01
-3.119721091126956836e-01
-3.102869668533992931e-01
-3.087246679114396541e-01
-3.072771012213317832e-01
-3.059370861641123041e-01
-3.046982133281415095e-01
-3.035547128733223632e-01
-3.025013448357772861e-01
-3.015333070567523532e-01
-3.006461574180079310e-01
-2.998357478139701549e-01
-2.990981678565838853e-01
-2.984296967402241818e-01
-2.978267620254915760e-01
-2.972859043570401094e-01
-2.968037473298156259e-01
-2.963769718735420056e-01
-2.960022946468752747e-01
-2.956764500277875296e-01
-2.953961753610673813e-01
-2.951581991816457640e-01
-2.949592321770957426e-01
-2.947959606867076587e-01
-2.946650425600598755e-01
-2.945631052166107766e-01
-2.944867457608672523e-01
-2.944325330161943755e-01
-2.943970113452390458e-01
-2.943767061269812468e-01
-2.943681307602466490e-01
-2.943677950616719330e-01
-2.943722149230732499e-01
-2.943779230893700527e-01
-2.943814809140190558e-01
-2.943794909446521002e-01
-2.943686101875853112e-01
-2.943455638963188847e-01
-2.943071597263224870e-01
-2.942503020964780114e-01
-2.941720065967045050e-01
-2.940694142816553391e-01
-2.939398056920505264e-01
-2.937806144482803528e-01
-2.935894402654217195e-01
-2.933640612447786511e-01
-2.931024453044746014e-01
-2.928027606204553490e-01
-2.924633849594482915e-01
-2.920829137968739553e-01
-2.916601671253115646e-01
-2.911941948727613250e-01
-2.906842808644552467e-01
-2.901299452772016507e-01
-2.895309455510122199e-01
-2.888872757388788459e-01
-2.881991642918372842e-01
-2.874670702926833132e-01
-2.866916781676931425e-01
-2.858738909212489299e-01
-2.850148219531888349e-01
-2.841157855328136916e-01
-2.831782860166133786e-01
-2.822040059087759789e-01
-2.811947928742693503e-01
-2.801526458236225370e-01
-2.790797001963807311e-01
-2.779782125764908574e-01
-2.768505447775349571e-01
-2.756991475387411961e-01
-2.745265439740554592e-01
-2.733353129162705564e-01
-2.721280722963180243e-01
-2.709074626943981379e-01
-2.696761311947263873e-01
-2.684367156694195122e-01
-2.671918296095360246e-01
-2.659440476126627706e-01
-2.646958916268354334e-01
-2.634498180401542711e-01
-2.622082056943556561e-01
-2.609733448889972052e-01
-2.597474274309642950e-01
-2.585325377718762363e-01
-2.573306452638166042e-01
-2.561435975517918351e-01
-2.549731151095759318e-01
-2.538207869142659057e-01
-2.526880672440766640e-01
-2.515762735737533395e-01
-2.504865855325779100e-01
-2.494200448813692905e-01
-2.483775564571981953e-01
-2.473598900278044244e-01
-2.463676829919554390e-01
-2.454014438572399148e-01
-2.444615564230532279e-01
-2.435482845937980700e-01
-2.426617777455659097e-01
-2.418020765687557416e-01
-2.409691193091726691e-01
-2.401627483310847522e-01
-2.393827169274289624e-01
-2.386286963047858922e-01
-2.379002826738032539e-01
-2.371970043793701077e-01
-2.365183290089375445e-01
-2.358636704218703695e-01
-2.352323956475121935e-01
-2.346238316046752037e-01
-2.340372716004443521e-01
-2.334719815714419722e-01
-2.329272060359627861e-01
-2.324021737305902169e-01
-2.318961029099951276e-01
-2.314082062935307882e-01
-2.309376956469370579e-01
-2.304837859919088572e-01
-2.300456994404336819e-01
-2.296226686546371798e-01
-2.292139399363757601e-01
-2.288187759539596910e-01
-2.284364581161823504e-01
-2.280662886062606587e-01
-2.277075920903631479e-01
-2.273597171171266029e-01
-2.270220372259459107e-01
-2.266939517828834016e-01
-2.263748865638004482e-01
-2.260642941047844856e-01
-2.257616538401530648e-01
-2.254664720482864038e-01
-2.251782816252918817e-01
-2.248966417060700440e-01
-2.246211371517486677e-01
-2.243513779217105042e-01
-2.240869983475809180e-01
-2.238276563255878204e-01
-2.235730324426823679e-01
-2.233228290507296709e-01
-2.230767693019681253e-01
-2.228345961578092060e-01
-2.225960713819201964e-01
-2.223609745274172933e-01
-2.221291019269054923e-01
-2.219002656930460504e-01
-2.216742927363185567e-01
-2.214510238056838498e-01
-2.212303125569468065e-01
-2.210120246527712828e-01
-2.207960368975164789e-01
-2.205822364093435739e-01
-2.203705198313868907e-01
-2.201607925831930157e-01
-2.199529681531042224e-01
-2.197469674317963639e-01
-2.195427180867734751e-01
-2.193401539772713849e-01
-2.191392146087219051e-01
-2.189398446256818620e-01
-2.187419933419254003e-01
-2.185456143062366463e-01
-2.183506649023149171e-01
-2.181571059811142077e-01
-2.179649015238788456e-01
-2.177740183341034808e-01
-2.175844257566362794e-01
-2.173960954221534625e-01
-2.172090010152617212e-01
-2.170231180645251223e-01
-2.168384237527676561e-01
-2.166548967460640851e-01
-2.164725170399017795e-01
-2.162912658210709715e-01
-2.161111253439194080e-01
-2.159320788196884278e-01
-2.157541103177272324e-01
-2.155772046774663553e-01
-2.154013474301080533e-01
-2.152265247290717776e-01
-2.150527232883074069e-01
-2.148799303276623385e-01
-2.147081335245565048e-01
-2.145373209712866935e-01
-2.143674811373417199e-01
-2.141986028361694550e-01
-2.140306751958895026e-01
-2.138636876334963632e-01
-2.136976298321436596e-01
-2.135324917211435247e-01
-2.133682634583526361e-01
-2.132049354146544617e-01
-2.130424981602773715e-01
-2.128809424527196015e-01
-2.127202592260772629e-01
-2.125604395815959280e-01
-2.124014747792890567e-01
-2.122433562304830434e-01
-2.120860754911689794e-01
-2.119296242560535226e-01
-2.117739943532176983e-01
-2.116191777393015006e-01
-2.114651664951456012e-01
-2.113119528218279086e-01
-2.111595290370438249e-01
-2.110078875717834590e-01
-2.108570209672675777e-01
-2.107069218721074888e-01
-2.105575830396608505e-01
-2.104089973255577339e-01
-2.102611576853754827e-01
-2.101140571724445516e-01
-2.099676889357695309e-01
-2.098220462180510615e-01
-2.096771223537984563e-01
-2.095329107675223401e-01
-2.093894049719991768e-01
-2.092465985666003281e-01
-2.091044852356802874e-01
-2.089630587470173995e-01
-2.088223129503042341e-01
-2.086822417756821479e-01
-2.085428392323183666e-01
-2.084040994070209540e-01
-2.082660164628907240e-01
-2.081285846380069027e-01
-2.079917982441452928e-01
-2.078556516655266362e-01
-2.077201393575946464e-01
-2.075852558458212427e-01
-2.074509957245388170e-01
-2.073173536557980645e-01
-2.071843243682504332e-01
-2.070519026560542208e-01
-2.069200833778040427e-01
-2.067888614554822535e-01
-2.066582318734321855e-01
-2.065281896773522030e-01
-2.063987299733102965e-01
-2.062698479267785212e-01
-2.061415387616866157e-01
-2.060137977594944381e-01
-2.058866202582828042e-01
-2.057600016518623398e-01
-2.056339373888992073e-01
-2.055084229720585687e-01
-2.053834539571641749e-01
-2.052590259523741079e-01
-2.051351346173727885e-01
-2.050117756625778609e-01
-2.048889448483627862e-01
-2.047666379842935924e-01
-2.046448509283804174e-01
-2.045235795863429851e-01
-2.044028199108900434e-01
-2.042825679010119577e-01
-2.041628196012866547e-01
-2.040435711011985287e-01
-2.039248185344695041e-01
-2.038065580784030884e-01
-2.036887859532398315e-01
-2.035714984215248602e-01
-2.034546917874867633e-01
-2.033383623964281905e-01
-2.032225066341266095e-01
-2.031071209262469979e-01
-2.029922017377638888e-01
-2.028777455723946854e-01
-2.027637489720426345e-01
-2.026502085162497635e-01
-2.025371208216595054e-01
-2.024244825414889537e-01
-2.023122903650100834e-01
-2.022005410170403805e-01
-2.020892312574422423e-01
-2.019783578806311208e-01
-2.018679177150919657e-01
-2.017579076229044643e-01
-2.016483244992761936e-01
-0.000000000000000000e+00
-0.000000000000000000e+00
-0.000000000000000000e+00
-0.000000000000000000e+00
-0.000000000000000000e+00
-0.000000000000000000e+00
-0.000000000000000000e+00
-0.000000000000000000e+00
-0.000000000000000000e+00
-0.000000000000000000e+00
-0.000000000000000000e+00
-0.000000000000000000e+00
-0.000000000000000000e+00
-0.000000000000000000e+00
-0.000000000000000000e+00
-0.000000000000000000e+00
-0.000000000000000000e+00
-0.000000000000000000e+00
-0.000000000000000000e+00
-0.000000000000000000e+00
-0.000000000000000000e+00
-0.000000000000000000e+00
-0.000000000000000000e+00
-0.000000000000000000e+00
-0.000000000000000000e+00
-0.000000000000000000e+00
-0.000000000000000000e+00
-0.000000000000000000e+00
-0.000000000000000000e+00
-0.000000000000000000e+00
-0.000000000000000000e+00
-0.000000000000000000e+00
-0.000000000000000000e+00
-0.000000000000000000e+00
-0.000000000000000000e+00
-0.000000000000000000e+00
-0.000000000000000000e+00
-0.000000000000000000e+00
-0.000000000000000000e+00
-0.000000000000000000e+00
-0.000000000000000000e+00
-0.000000000000000000e+00
-0.000000000000000000e+00
-0.000000000000000000e+00
-0.000000000000000000e+00
-0.000000000000000000e+00
-0.000000000000000000e+00
-0.000000000000000000e+00
-0.000000000000000000e+00
-0.000000000000000000e+00
-0.000000000000000000e+00
-0.000000000000000000e+00
-0.000000000000000000e+00
-0.000000000000000000e+00
-0.000000000000000000e+00
-0.000000000000000000e+00
-0.000000000000000000e+00
-0.000000000000000000e+00
-0.000000000000000000e+00
-0.000000000000000000e+00
-0.000000000000000000e+00
-0.000000000000000000e+00
-0.000000000000000000e+00
-0.000000000000000000e+00
-0.000000000000000000e+00
-0.000000000000000000e+00
-0.000000000000000000e+00
-0.000000000000000000e+00
-0.000000000000000000e+00
-0.000000000000000000e+00
-0.000000000000000000e+00
-0.000000000000000000e+00
-0.000000000000000000e+00
-0.000000000000000000e+00
-0.000000000000000000e+00
-0.000000000000000000e+00
-0.000000000000000000e+00
-0.000000000000000000e+00
-0.000000000000000000e+00
-0.000000000000000000e+00
-0.000000000000000000e+00
-0.000000000000000000e+00
-0.000000000000000000e+00
-0.000000000000000000e+00
-0.000000000000000000e+00
-0.000000000000000000e+00
-0.000000000000000000e+00
-0.000000000000000000e+00
-0.000000000000000000e+00
-0.000000000000000000e+00
-0.000000000000000000e+00
-0.000000000000000000e+00
-0.000000000000000000e+00
-0.000000000000000000e+00
-0.000000000000000000e+00
-0.000000000000000000e+00
-0.000000000000000000e+00
-0.000000000000000000e+00
-0.000000000000000000e+00
-0.000000000000000000e+00
-0.000000000000000000e+00
-0.000000000000000000e+00
-0.000000000000000000e+00
-0.000000000000000000e+00
-0.000000000000000000e+00
-0.000000000000000000e+00
-0.000000000000000000e+00
-0.000000000000000000e+00
-0.000000000000000000e+00
-0.000000000000000000e+00
-0.000000000000000000e+00
-0.000000000000000000e+00
-0.000000000000000000e+00
-0.000000000000000000e+00
-0.000000000000000000e+00
-0.000000000000000000e+00
-0.000000000000000000e+00
-0.000000000000000000e+00
-0.000000000000000000e+00
-0.000000000000000000e+00
-0.000000000000000000e+00
-0.000000000000000000e+00
-0.000000000000000000e+00
-0.000000000000000000e+00
-0.000000000000000000e+00
-0.000000000000000000e+00
-0.000000000000000000e+00
-0.000000000000000000e+00
-0.000000000000000000e+00
-0.000000000000000000e+00
-0.000000000000000000e+00
-0.000000000000000000e+00
-0.000000000000000000e+00
-0.000000000000000000e+00
-0.000000000000000000e+00
-0.000000000000000000e+00
-0.000000000000000000e+00
-0.000000000000000000e+00
-0.000000000000000000e+00
-0.000000000000000000e+00
-0.000000000000000000e+00
-0.000000000000000000e+00
-0.000000000000000000e+00
-0.000000000000000000e+00
-0.000000000000000000e+00
-0.000000000000000000e+00
-0.000000000000000000e+00
-0.000000000000000000e+00
-0.000000000000000000e+00
-0.000000000000000000e+00
-0.000000000000000000e+00
-0.000000000000000000e+00
-0.000000000000000000e+00
-0.000000000000000000e+00
-0.000000000000000000e+00
-0.000000000000000000e+00
-0.000000000000000000e+00
-0.000000000000000000e+00
-0.000000000000000000e+00
-0.000000000000000000e+00
-0.000000000000000000e+00
-0.000000000000000000e+00
-0.000000000000000000e+00
-0.000000000000000000e+00
-0.000000000000000000e+00
-0.000000000000000000e+00
-0.000000000000000000e+00
-0.000000000000000000e+00
-0.000000000000000000e+00
-0.000000000000000000e+00
-0.000000000000000000e+00
-0.000000000000000000e+00
-0.000000000000000000e+00
-0.000000000000000000e+00
-0.000000000000000000e+00
-0.000000000000000000e+00
-0.000000000000000000e+00
-0.000000000000000000e+00
-0.000000000000000000e+00
-0.000000000000000000e+00
-0.000000000000000000e+00
-0.000000000000000000e+00
-0.000000000000000000e+00
-0.000000000000000000e+00
-0.000000000000000000e+00
-0.000000000000000000e+00
-0.000000000000000000e+00
-0.000000000000000000e+00
-0.000000000000000000e+00
-0.000000000000000000e+00
-0.000000000000000000e+00
-0.000000000000000000e+00
-0.000000000000000000e+00
-0.000000000000000000e+00
-0.000000000000000000e+00
-0.000000000000000000e+00
-0.000000000000000000e+00
-0.000000000000000000e+00
-0.000000000000000000e+00
-0.000000000000000000e+00
-0.000000000000000000e+00
-0.000000000000000000e+00
-0.000000000000000000e+00
-0.000000000000000000e+00
-0.000000000000000000e+00
-0.000000000000000000e+00
-0.000000000000000000e+00
-0.000000000000000000e+00
-0.000000000000000000e+00
-0.000000000000000000e+00
-0.000000000000000000e+00
-0.000000000000000000e+00
-0.000000000000000000e+00
-0.000000000000000000e+00
-0.000000000000000000e+00
-0.000000000000000000e+00
-0.000000000000000000e+00
-0.000000000000000000e+00
-0.000000000000000000e+00
-0.000000000000000000e+00
-0.000000000000000000e+00
-0.000000000000000000e+00
-0.000000000000000000e+00
-0.000000000000000000e+00
-0.000000000000000000e+00
-0.000000000000000000e+00
-0.000000000000000000e+00
-0.000000000000000000e+00
-0.000000000000000000e+00
-0.000000000000000000e+00
-0.000000000000000000e+00
-0.000000000000000000e+00
-0.000000000000000000e+00
-0.000000000000000000e+00
-0.000000000000000000e+00
-0.000000000000000000e+00
-0.000000000000000000e+00
-0.000000000000000000e+00
-0.000000000000000000e+00
-0.000000000000000000e+00
-0.000000000000000000e+00
-0.000000000000000000e+00
-0.000000000000000000e+00
-0.000000000000000000e+00
-0.000000000000000000e+00
-0.000000000000000000e+00
-0.000000000000000000e+00
-0.000000000000000000e+00
-0.000000000000000000e+00
-0.000000000000000000e+00
-0.000000000000000000e+00
-0.000000000000000000e+00
-0.000000000000000000e+00
-0.000000000000000000e+00
-0.000000000000000000e+00
-0.000000000000000000e+00
-0.000000000000000000e+00
-0.000000000000000000e+00
-0.000000000000000000e+00
-0.000000000000000000e+00
-0.000000000000000000e+00
-0.000000000000000000e+00
-0.000000000000000000e+00
-0.000000000000000000e+00
-0.000000000000000000e+00
-0.000000000000000000e+00
-0.000000000000000000e+00
-0.000000000000000000e+00
-0.000000000000000000e+00
-0.000000000000000000e+00
-0.000000000000000000e+00
-0.000000000000000000e+00
-0.000000000000000000e+00
-0.000000000000000000e+00
-0.000000000000000000e+00
-0.000000000000000000e+00
-0.000000000000000000e+00
-0.000000000000000000e+00
-0.000000000000000000e+00
-0.000000000000000000e+00
-0.000000000000000000e+00
-0.000000000000000000e+00
-0.000000000000000000e+00
-0.000000000000000000e+00
-0.000000000000000000e+00
-0.000000000000000000e+00
-0.000000000000000000e+00
-0.000000000000000000e+00
-0.000000000000000000e+00
-0.000000000000000000e+00
-0.000000000000000000e+00
-0.000000000000000000e+00
-0.000000000000000000e+00
-0.000000000000000000e+00
-0.000000000000000000e+00
-0.000000000000000000e+00
-0.000000000000000000e+00
-0.000000000000000000e+00
-0.000000000000000000e+00
-0.000000000000000000e+00
-0.000000000000000000e+00
-0.000000000000000000e+00
-0.000000000000000000e+00
-0.000000000000000000e+00
-0.000000000000000000e+00
-0.000000000000000000e+00
-0.000000000000000000e+00
-0.000000000000000000e+00
-0.000000000000000000e+00
-0.000000000000000000e+00
-0.000000000000000000e+00
-0.000000000000000000e+00
-0.000000000000000000e+00
-0.000000000000000000e+00
-0.000000000000000000e+00
-0.000000000000000000e+00
-0.000000000000000000e+00
-0.000000000000000000e+00
-0.000000000000000000e+00
-0.000000000000000000e+00
-0.000000000000000000e+00
-0.000000000000000000e+00
-0.000000000000000000e+00
-0.000000000000000000e+00
-0.000000000000000000e+00
-0.000000000000000000e+00
-0.000000000000000000e+00
-0.000000000000000000e+00
-0.000000000000000000e+00
-0.000000000000000000e+00
-0.000000000000000000e+00
-0.000000000000000000e+00
-0.000000000000000000e+00
-0.000000000000000000e+00
-0.000000000000000000e+00
-0.000000000000000000e+00
-0.000000000000000000e+00
-0.000000000000000000e+00
-0.000000000000000000e+00
-0.000000000000000000e+00
-0.000000000000000000e+00
-0.000000000000000000e+00
-0.000000000000000000e+00
-0.000000000000000000e+00
-0.000000000000000000e+00
-0.000000000000000000e+00
-0.000000000000000000e+00
-0.000000000000000000e+00
-0.000000000000000000e+00
-0.000000000000000000e+00
-0.000000000000000000e+00
-0.000000000000000000e+00
-0.000000000000000000e+00
-0.000000000000000000e+00
-0.000000000000000000e+00
-0.000000000000000000e+00
-0.000000000000000000e+00
-0.000000000000000000e+00
-0.000000000000000000e+00
-0.000000000000000000e+00
-0.000000000000000000e+00
-0.000000000000000000e+00
-0.000000000000000000e+00
-0.000000000000000000e+00
-0.000000000000000000e+00
-0.000000000000000000e+00
-0.000000000000000000e+00
-0.000000000000000000e+00
-0.000000000000000000e+00
-0.000000000000000000e+00
-0.000000000000000000e+00
-0.000000000000000000e+00
-0.000000000000000000e+00
-0.000000000000000000e+00
-0.000000000000000000e+00
-0.000000000000000000e+00
-0.000000000000000000e+00
-0.000000000000000000e+00
-0.000000000000000000e+00
-0.000000000000000000e+00
-0.000000000000000000e+00
-0.000000000000000000e+00
-0.000000000000000000e+00
-0.000000000000000000e+00
-0.000000000000000000e+00
-0.000000000000000000e+00
-0.000000000000000000e+00
-0.000000000000000000e+00
-0.000000000000000000e+00
-0.000000000000000000e+00
-0.000000000000000000e+00
-0.000000000000000000e+00
-0.000000000000000000e+00
-0.000000000000000000e+00
-0.000000000000000000e+00
-0.000000000000000000e+00
-0.000000000000000000e+00
-0.000000000000000000e+00
-0.000000000000000000e+00
-0.000000000000000000e+00
-0.000000000000000000e+00
-0.000000000000000000e+00
-0.000000000000000000e+00
-0.000000000000000000e+00
-0.000000000000000000e+00
-0.000000000000000000e+00
-0.000000000000000000e+00
-0.000000000000000000e+00
-0.000000000000000000e+00
-0.000000000000000000e+00
-0.000000000000000000e+00
-0.000000000000000000e+00
-0.000000000000000000e+00
-0.000000000000000000e+00
-0.000000000000000000e+00
-0.000000000000000000e+00
-0.000000000000000000e+00
-0.000000000000000000e+00
-0.000000000000000000e+00
-0.000000000000000000e+00
-0.000000000000000000e+00
-0.000000000000000000e+00
-0.000000000000000000e+00
-0.000000000000000000e+00
-0.000000000000000000e+00
-0.000000000000000000e+00
-0.000000000000000000e+00
-0.000000000000000000e+00
-0.000000000000000000e+00
-0.000000000000000000e+00
-0.000000000000000000e+00
-0.000000000000000000e+00
-0.000000000000000000e+00
-0.000000000000000000e+00
-0.000000000000000000e+00
-0.000000000000000000e+00
-0.000000000000000000e+00
-0.000000000000000000e+00
-0.000000000000000000e+00
-0.000000000000000000e+00
-0.000000000000000000e+00
-0.000000000000000000e+00
-0.000000000000000000e+00
-0.000000000000000000e+00
-0.000000000000000000e+00
-0.000000000000000000e+00
-0.000000000000000000e+00
-0.000000000000000000e+00
-0.000000000000000000e+00
-0.000000000000000000e+00
-0.000000000000000000e+00
-0.000000000000000000e+00
-0.000000000000000000e+00
-0.000000000000000000e+00
-0.000000000000000000e+00
-0.000000000000000000e+00
-0.000000000000000000e+00
-0.000000000000000000e+00
-0.000000000000000000e+00
-0.000000000000000000e+00
-0.000000000000000000e+00
-0.000000000000000000e+00
-0.000000000000000000e+00
-0.000000000000000000e+00
-0.000000000000000000e+00
-0.000000000000000000e+00
-0.000000000000000000e+00
-0.000000000000000000e+00
-0.000000000000000000e+00
-0.000000000000000000e+00
-0.000000000000000000e+00
-0.000000000000000000e+00
-0.000000000000000000e+00
-0.000000000000000000e+00
-0.000000000000000000e+00
-0.000000000000000000e+00
-0.000000000000000000e+00
-0.000000000000000000e+00
-0.000000000000000000e+00
-0.000000000000000000e+00
-0.000000000000000000e+00
-0.000000000000000000e+00
-0.000000000000000000e+00
-0.000000000000000000e+00
-0.000000000000000000e+00
-0.000000000000000000e+00
-0.000000000000000000e+00
-0.000000000000000000e+00
-0.000000000000000000e+00
-0.000000000000000000e+00
-0.000000000000000000e+00
-0.000000000000000000e+00
-0.000000000000000000e+00
-0.000000000000000000e+00
-0.000000000000000000e+00
-0.000000000000000000e+00
-0.000000000000000000e+00
-0.000000000000000000e+00
-0.000000000000000000e+00
-0.000000000000000000e+00
