,PC1,PC2
0,26.542630643124294,571.3234312781104
1,139.85620807753673,98.34177704775519
2,834.5833782586456,-302.91037469950214
3,80.14529050540581,359.7606278928821
4,1419.7919639934905,-435.89130580618007
5,548.3183515801549,-587.5199326854008
6,130.21189668143884,323.28585461832205
7,-19.747141300157033,-81.26451072727497
8,-327.95524727826285,-216.54271994002238
9,608.2568189790043,-639.9809883877
10,508.60226038299345,-7.941792567464459
11,378.57374028612804,288.28801539806926
12,212.13077877866482,-8.110608697648228
13,299.0498930307577,526.6467202831255
14,332.2555148793065,585.3919342092008
15,258.95101251536005,217.29528677031763
16,606.2886770852274,522.2955422545665
17,-26.762957474694403,121.34938146660701
18,477.5558560385957,-329.8413397632131
19,530.2193228231414,551.5450670267394
20,-554.656512006833,372.52104478168997
21,-288.28571295458795,252.05627507347236
22,-621.5554475423463,191.15409153399736
23,-332.88196229687395,-42.83411237257362
24,-448.55480644349694,-244.8436114647163
25,-355.8004756336614,-68.70843070315658
26,148.0388165237895,413.34675251904855
27,-341.68338409350633,-456.1096761734756
28,-88.4605363501087,-543.6408462511059
29,-321.82989185949623,56.28339152541476
30,-245.22880083295675,-266.56553778048107
31,-604.5440046398593,-13.223795931957019
32,-521.6860689777687,208.9115795074661
33,-173.11492918688543,-500.52574178427136
34,-252.44459625574234,-166.00163065481797
35,-61.50570106432142,-308.99498072565984
36,-529.6755694590386,-198.74990706943868
37,-125.37457870383298,144.7868187657893
38,-594.9630991415113,-148.00060011176234
39,-702.6609875668241,-236.38114765475123
