-6.625293765225361009e-02
-1.636304393802930468e+00
2.064909018674388475e-01
1.205840418115666085e-01
-3.533482448283406518e-02
-8.132515711977272160e-03
-1.387958090958364976e-01
5.562194561581925399e-03
6.581405927509749454e-02
-2.222312725986775872e-01
1.045307460798433896e-01
4.064048820926141961e-03
-2.131888029195081469e-01
2.248958845509580751e-01
-1.810217425468422722e-02
-8.136229774902330181e-02
1.505105288178035794e-01
-1.236130058618313959e-01
3.834655558074266390e-01
-4.855635011772320708e-01
3.765673944488127645e-01
4.846781134155166149e-02
-3.329370006999118337e-01
3.212899557138960693e-01
-8.815415031199136386e-02
-5.161222641602125627e-02
1.909589008103401153e-01
-2.884437666023870195e-01
5.097629003012130733e-01
-6.517749740901801481e-01
3.852855618089087719e-01
1.744961290963222555e-01
-5.291764221921980704e-01
6.728030364191940338e-01
-4.557091327644204326e-01
1.945266105960917480e-01
1.251559454674510130e-01
-2.589814048908244473e-02
-7.566289964134039446e-03
2.505384547349218116e-01
-5.828448257474616589e-02
1.365563400381659964e-01
-1.092196251725434941e-01
2.667683391656013314e-01
-9.013825893365531861e-02
4.836049597384818877e-01
-6.009616062303789752e-01
6.298298269885870271e-01
-2.974236209408767095e-01
1.982771585697705174e-01
-2.557320303502975678e-01
-5.776461069529737966e-03
4.915343356179504575e-01
-4.580021604958334214e-01
3.109887737968356491e-01
-2.253116087940218448e-01
5.043365076720397744e-02
-1.498948960308331413e-01
1.781164918239607764e-01
1.499157638311494727e-02
2.498032094174720275e-01
-3.806938078280829862e-01
2.137046516423399545e-01
-6.597383223384817655e-03
-1.898921112934914557e-01
2.572451371357650785e-01
5.992775070959071443e-02
-1.651536355771537623e-01
2.322774493475495902e-02
2.450660112210795993e-01
-4.119090068223750234e-01
3.518956439453434504e-01
6.183416634380937277e-02
-4.180920575919398474e-01
3.819906335113402163e-01
1.358030935545428697e-01
-1.888792557215216716e-01
5.367080958182784273e-02
-1.404064515625663978e-01
1.501847467085466181e-01
-1.521191890612214603e-01
7.988498446663178099e-02
2.911342294553934812e-02
3.058693385649151608e-01
-4.379777388580956554e-01
4.467295575034370136e-01
-3.129733216942277019e-01
2.063758681822946139e-01
-2.661205933740480867e-01
2.338534542223535961e-01
-2.607272584001432136e-01
4.354474635793606496e-02
7.105675395812879880e-02
-9.586298406721281695e-02
-2.916507654420720519e-02
-3.284814732430127882e-03
-4.586942799536946475e-02
2.771331715667631479e-01
-3.897262709294776473e-01
6.083249271300517069e-01
-3.313325055280439968e-01
1.327359011652571863e-01
-2.822012960493112607e-02
-1.501777364575816731e-01
6.248315012175121447e-02
2.007887604040352048e-01
-3.343403606828081465e-01
3.906564224801257756e-01
3.196241426963134652e-02
-2.731656573696987222e-01
1.007556258636460866e-01
9.530206291626890439e-03
-1.171903596490833227e-01
2.816522534363767871e-01
-1.400231829084403190e-01
-2.970293300229156497e-01
3.029863142447937752e-01
1.484470267231877416e-01
-1.819675478249527245e-01
-8.899298651802932392e-02
2.169647916037112656e-01
-3.792356998329822759e-01
2.045848669381489515e-01
-2.649119637934055360e-01
4.562181004965840669e-01
-3.137488808106870808e-01
1.220247466581977219e-01
-4.440401584785302891e-01
4.157745257832688446e-01
-3.167700962131871356e-01
-2.979902216487279737e-02
2.537316774522105911e-01
-2.405849235624058641e-02
7.759460742827729851e-02
-1.967458380601304069e-01
9.494754246031314460e-02
-4.079601782805284543e-02
-2.041013283918031440e-01
-2.419731847999808533e-02
1.723897140175172926e-01
-4.617969559712870042e-01
5.151526008112493615e-01
-2.335259784477830280e-01
1.046682055906779651e-01
-1.559248172577576974e-01
4.680985330669614197e-01
-1.327781688086254186e-01
2.064804450111377143e-01
2.149613915866888936e-01
-2.875383106104850706e-01
6.027463328634894424e-01
-4.352312127897109972e-01
4.275994510142919203e-01
-3.438652627655247040e-01
2.373709311960766899e-01
-1.900418075796893591e-01
5.375618648861999263e-03
1.962263620048300961e-01
-1.062359379680606758e-01
-1.061069625843669845e-01
2.719016483513206350e-01
-8.805735327700927456e-03
-1.764178373060727167e-01
2.427911375461061505e-01
-5.682172300822686817e-02
-2.166945326224156698e-02
1.449060733375135135e-01
7.701953869270414255e-02
8.772780986444717402e-05
8.876081048637085580e-02
-2.829917083359658747e-01
3.922624521908226747e-01
-3.844129127226178499e-01
7.029171752575114063e-01
-7.063246664658425766e-01
3.279667968913300147e-01
-1.559475371351991789e-02
1.083736512082735838e-02
1.078150397362650781e-01
-8.238056074652194694e-02
3.882509140443869411e-01
-3.734734895288053802e-01
1.431758410384408875e-01
7.672064435915154634e-02
1.075692602652521118e-01
-4.338618079103740977e-01
4.133823982982356426e-01
5.980488071789112799e-03
-4.754523497615707750e-02
2.531152434667796255e-02
3.703347069809171943e-01
-2.018996441958621491e-01
1.661917201288892476e-01
6.954362809379628640e-02
1.891608144015528570e-01
-3.116127059461940574e-01
3.594720381259257080e-01
