3.365921030985319917e-01
2.582109601817730304e-01
2.067326849595560179e-01
1.700340974621622203e-01
1.427146495499503620e-01
1.216656170098597001e-01
1.056444039477806435e-01
9.179711890927287621e-02
8.048906350011868216e-02
7.197915565644123770e-02
6.490065042046273824e-02
5.932368128279947445e-02
5.460943965816845297e-02
4.955995790832081610e-02
4.577403910811291693e-02
4.251874380062995590e-02
3.955098076174706767e-02
3.745827202623873420e-02
3.560571576842005287e-02
3.443710464497629770e-02
3.090511390424368135e-02
2.947800654823743219e-02
2.835365397813963823e-02
2.604764022848886362e-02
2.523291991042980395e-02
2.421852095591402187e-02
2.303401125951848316e-02
2.220649322453313243e-02
2.138447058674038115e-02
2.131978142627171877e-02
1.992809415275511795e-02
1.956240339220028865e-02
2.002007289444306115e-02
1.915302219899191888e-02
1.966133888850855882e-02
1.876420198689505991e-02
1.871712380290534161e-02
1.812794993927081474e-02
1.651424786793224270e-02
1.584190186452560586e-02
1.568366468737050073e-02
1.521721495932388396e-02
1.487511272014774635e-02
1.435267596549103138e-02
1.387086957540866611e-02
1.381525418675466112e-02
1.427721193074337272e-02
1.382419779098406284e-02
1.330015119028847212e-02
1.291871886256457970e-02
1.283699016679929437e-02
1.273065047253399418e-02
1.234381112707844119e-02
1.246234274850460504e-02
1.183228792002880350e-02
1.178029825142604126e-02
1.154639564097925328e-02
1.104822309914612645e-02
1.076631352224185871e-02
1.058516054459024934e-02
1.030154421573322397e-02
1.013295144204347589e-02
9.979364172516880238e-03
9.845885789204965668e-03
9.622191858186770336e-03
9.451504616340944756e-03
9.378826405082028514e-03
9.284180305354047119e-03
9.110837740253277181e-03
9.007603348750651065e-03
8.939515294157469524e-03
8.897210122513437777e-03
9.010066639775892589e-03
8.799116659129236490e-03
8.596303372130171747e-03
8.387472484376212734e-03
8.338275919067196507e-03
8.201823807712551803e-03
8.175483695471962020e-03
8.031442258807910614e-03
8.067279151159213735e-03
7.990042681026984089e-03
7.974796190824926315e-03
7.945571475671242209e-03
7.874109054239845917e-03
7.822652521946537457e-03
7.756514620363703927e-03
7.658906344237205628e-03
7.547887831896772474e-03
7.469922828263234407e-03
7.398947574564688698e-03
7.348970081751657335e-03
7.204178354783398290e-03
7.226150952176500601e-03
7.098462738388639989e-03
7.046307679300574042e-03
7.025364460100345064e-03
7.004079047978009447e-03
6.960357865325879877e-03
6.857693168728223876e-03
6.838301454839838291e-03
6.809691667922185103e-03
6.763719916222476862e-03
6.629804614829181916e-03
6.641240396182429388e-03
6.541663367288221183e-03
6.477669383156848398e-03
6.381045614025812086e-03
6.274459547377847501e-03
6.119355465932373346e-03
6.099947117372266948e-03
6.031010127291790666e-03
5.939460211809629436e-03
5.955356585853496983e-03
5.928652759415159630e-03
5.893228400056369463e-03
5.817600859879853113e-03
5.846415677229657541e-03
5.805400718342329687e-03
5.727022951533532538e-03
5.705066906873681142e-03
5.652917015747741143e-03
5.564716294637850509e-03
5.525404522053942863e-03
5.561368676672824238e-03
5.614072532474641969e-03
5.595570021240968417e-03
5.649032311014951652e-03
5.588620288321220070e-03
5.506715305391104466e-03
5.551201707785854630e-03
5.548719721432115136e-03
5.500156723099103133e-03
5.495389108078362929e-03
5.524236145758157357e-03
5.457894637401244226e-03
5.493094967007495361e-03
5.460767130475480298e-03
5.429300569544344597e-03
5.378264551338249148e-03
5.365243831817583138e-03
5.239979412899067011e-03
5.317338372009019522e-03
5.327454787613250357e-03
5.318707978490119434e-03
5.369266921729290258e-03
5.353688473406304285e-03
5.286466982573192162e-03
5.258957208034744681e-03
5.260708091540466404e-03
5.268272958059593523e-03
5.229358404128658412e-03
5.267211116616453415e-03
5.172904310770899336e-03
5.156466852856641386e-03
5.160988058770338456e-03
5.039939936797903364e-03
5.082104149019900201e-03
5.009388153666433779e-03
4.992607457843111114e-03
4.935321078442593025e-03
5.019165661198120472e-03
4.964402723906076280e-03
5.008862534147284773e-03
4.981302207868314527e-03
4.965158969064554194e-03
5.040200693460748782e-03
4.970195472902277402e-03
4.989261095930981084e-03
4.998336767002102381e-03
4.945662529611045098e-03
4.901889574827363212e-03
4.876626575068720298e-03
4.912193849061761465e-03
4.865472393344450787e-03
4.850168091293939610e-03
4.843940067790719790e-03
4.810520081297079732e-03
4.845504015635553226e-03
4.768551384891870325e-03
4.737712928932905250e-03
4.751605071800382371e-03
4.721878964681862703e-03
4.811944822297184628e-03
4.824805927710579950e-03
4.740961501714633514e-03
4.763986319469947460e-03
4.714667021245761737e-03
4.674073800903791147e-03
4.721509109235804032e-03
4.643706894233270814e-03
4.644370861089693568e-03
4.627600264607747114e-03
4.561029769565807211e-03
4.438935815399357165e-03
4.515305682039823763e-03
4.437920798815542071e-03
