1.630188554162743941e-01
8.915352034926976588e-02
6.913510914601500579e-02
5.990758189441102582e-02
5.340460721875697064e-02
4.790344613655319467e-02
4.316379215980617468e-02
3.921927680178018821e-02
3.578082674768049559e-02
3.283507848005300794e-02
3.028791445430865578e-02
2.804288592133256930e-02
2.604861527148735062e-02
2.433221338190938096e-02
2.289915007575494058e-02
2.165191116267612195e-02
2.050851429071086710e-02
1.950212623571249970e-02
1.861604103770869365e-02
1.781257997301896601e-02
1.706434511596322326e-02
1.630631907126058044e-02
1.562338012975897014e-02
1.501134217691563015e-02
1.450011858412970749e-02
1.407622447755111847e-02
1.371306625781843445e-02
1.337897519326785613e-02
1.307764966232745005e-02
1.274015893340875276e-02
1.241830718025073270e-02
1.211688040826909389e-02
1.192920206104199944e-02
1.172176266178309723e-02
1.145231582747139112e-02
1.122743282876553610e-02
1.102021391807846834e-02
1.088048696008751814e-02
1.068301837585143750e-02
1.040271753041942943e-02
1.012700489077249938e-02
9.839084374388566701e-03
9.687168164259912437e-03
9.534526864536986904e-03
9.401894916026193316e-03
9.265140514651121900e-03
9.146420170036835898e-03
9.016232497905502311e-03
8.824203114271206294e-03
8.630981408962054569e-03
8.430308585472849961e-03
8.250552139046017294e-03
8.134690300125334284e-03
8.091916443145686158e-03
8.040926287759314964e-03
8.011415370151002760e-03
7.957878846891043231e-03
7.891419001504182407e-03
7.800588573180238308e-03
7.694887449175431306e-03
7.662124099459825984e-03
7.696000882032999306e-03
7.721584873496383818e-03
7.741038832324648872e-03
7.762599674136105680e-03
7.786081757697461449e-03
7.749984028041202733e-03
7.668300274189476101e-03
7.572608453297073258e-03
7.481834663041514628e-03
7.432871593104381329e-03
7.378568092604414867e-03
7.305205319889765229e-03
7.255881355243840036e-03
7.196704747027072961e-03
7.131259168537663895e-03
7.093719413977580580e-03
7.078579963525013889e-03
7.078638327149898261e-03
7.024245940882743386e-03
6.957112143652399543e-03
6.859895559565121204e-03
6.749832137077313790e-03
6.641126662737069017e-03
6.526375865921873326e-03
6.453961796251596154e-03
6.396382264593067010e-03
6.321209449837530449e-03
6.241110394403808458e-03
6.141395787469577407e-03
6.040938652330146534e-03
5.906612892589003898e-03
5.806893941620120889e-03
5.763386002798296000e-03
5.745585869679995655e-03
5.751207987127333367e-03
5.763822436454900042e-03
5.782804179070785873e-03
5.780539124641788547e-03
5.771033934312347173e-03
5.771126964544357266e-03
5.727077611260414369e-03
5.708681460605427235e-03
5.693381902603077312e-03
5.699551300755518329e-03
5.695207276619331481e-03
5.705683370430873931e-03
5.687311479346676517e-03
5.692374096898602034e-03
5.659614786458272082e-03
5.659728571374617913e-03
5.666457707588002692e-03
5.676132878581555997e-03
5.688313923447201048e-03
5.644477966778269594e-03
5.612889467160517981e-03
5.618109527756123996e-03
5.607791690344800413e-03
5.622349976859344726e-03
5.624386402577227079e-03
5.571795475529642619e-03
5.549026868026628312e-03
5.573579097991280401e-03
5.634186102085526893e-03
5.698984218492722000e-03
5.725885719957052311e-03
5.736934422010757893e-03
5.769895837537186885e-03
5.803397027413617452e-03
5.782342077797737213e-03
5.731737918314297638e-03
5.681498401372182989e-03
5.638812644383993204e-03
5.609464687059734396e-03
5.564050067233012632e-03
5.479668813234681024e-03
5.416357415831416292e-03
5.320454085649474994e-03
5.215535056182074060e-03
5.149325412726066600e-03
5.106851691510468604e-03
5.079655604197787049e-03
5.077340499273537942e-03
5.099046099929002013e-03
5.117198852694316950e-03
5.143638521360354050e-03
5.172476208898491024e-03
5.205102804073114160e-03
5.230544453340348066e-03
5.254094684733165085e-03
5.273707375667315705e-03
5.287093968207849486e-03
5.283441748906517361e-03
5.248037794384405146e-03
5.239962699920091421e-03
5.229272654472139764e-03
5.203072161022099726e-03
5.187741846142819059e-03
5.211820033047534148e-03
5.228992985994640984e-03
5.201332543846446527e-03
5.150363566687386936e-03
5.123221499538047931e-03
5.069763420230639916e-03
5.058377234307760879e-03
5.088996377633402124e-03
5.136567885791543282e-03
5.201874255058635231e-03
5.239486970799993142e-03
5.307885523734214017e-03
5.377169113822070912e-03
5.468425533091000011e-03
5.538676175392308505e-03
5.554482290722902692e-03
5.573155643426699717e-03
5.636226548096811249e-03
5.673674119412389777e-03
5.699664625035522590e-03
5.735014194436205068e-03
5.786640131211284038e-03
5.836477453896014161e-03
5.934933247851522167e-03
6.019046273894882587e-03
6.087711005035963824e-03
6.138696224946384346e-03
6.153110552907056774e-03
6.178112381796129794e-03
6.191080866123071548e-03
6.215065603888682635e-03
6.241620350595034582e-03
6.273643005356807634e-03
6.310222415839476448e-03
6.389800734122483457e-03
6.514721570738665757e-03
6.599441240744375117e-03
6.665545012425586752e-03
6.692874242228915443e-03
